Step 0
|     3  5 |
|  7  1  8 |
|  4  6  2 |

Step 1
|  7  3  5 |
|     1  8 |
|  4  6  2 |

Step 2
|  7  3  5 |
|  1     8 |
|  4  6  2 |

Step 3
|  7  3  5 |
|  1  8    |
|  4  6  2 |

Step 4
|  7  3    |
|  1  8  5 |
|  4  6  2 |

Step 5
|  7     3 |
|  1  8  5 |
|  4  6  2 |

Step 6
|     7  3 |
|  1  8  5 |
|  4  6  2 |

Step 7
|  1  7  3 |
|     8  5 |
|  4  6  2 |

Step 8
|  1  7  3 |
|  8     5 |
|  4  6  2 |

Step 9
|  1     3 |
|  8  7  5 |
|  4  6  2 |

Step 10
|  1  3    |
|  8  7  5 |
|  4  6  2 |

Step 11
|  1  3  5 |
|  8  7    |
|  4  6  2 |

Step 12
|  1  3  5 |
|  8  7  2 |
|  4  6    |

Step 13
|  1  3  5 |
|  8  7  2 |
|  4     6 |

Step 14
|  1  3  5 |
|  8     2 |
|  4  7  6 |

Step 15
|  1  3  5 |
|     8  2 |
|  4  7  6 |

Step 16
|  1  3  5 |
|  4  8  2 |
|     7  6 |

Step 17
|  1  3  5 |
|  4  8  2 |
|  7     6 |

Step 18
|  1  3  5 |
|  4     2 |
|  7  8  6 |

Step 19
|  1  3  5 |
|  4  2    |
|  7  8  6 |

Step 20
|  1  3    |
|  4  2  5 |
|  7  8  6 |

Step 21
|  1     3 |
|  4  2  5 |
|  7  8  6 |

Step 22
|  1  2  3 |
|  4     5 |
|  7  8  6 |

Step 23
|  1  2  3 |
|  4  5    |
|  7  8  6 |

Step 24
|  1  2  3 |
|  4  5  6 |
|  7  8    |

CREATED STATES: 130181
TIME: 3.401477 seconds.
