Step 0
|  2  1  8 |
|     5  3 |
|  4  6  7 |

Step 1
|     1  8 |
|  2  5  3 |
|  4  6  7 |

Step 2
|  1     8 |
|  2  5  3 |
|  4  6  7 |

Step 3
|  1  5  8 |
|  2     3 |
|  4  6  7 |

Step 4
|  1  5  8 |
|  2  3    |
|  4  6  7 |

Step 5
|  1  5    |
|  2  3  8 |
|  4  6  7 |

Step 6
|  1     5 |
|  2  3  8 |
|  4  6  7 |

Step 7
|  1  3  5 |
|  2     8 |
|  4  6  7 |

Step 8
|  1  3  5 |
|  2  6  8 |
|  4     7 |

Step 9
|  1  3  5 |
|  2  6  8 |
|  4  7    |

Step 10
|  1  3  5 |
|  2  6    |
|  4  7  8 |

Step 11
|  1  3  5 |
|  2     6 |
|  4  7  8 |

Step 12
|  1  3  5 |
|     2  6 |
|  4  7  8 |

Step 13
|  1  3  5 |
|  4  2  6 |
|     7  8 |

Step 14
|  1  3  5 |
|  4  2  6 |
|  7     8 |

Step 15
|  1  3  5 |
|  4  2  6 |
|  7  8    |

Step 16
|  1  3  5 |
|  4  2    |
|  7  8  6 |

Step 17
|  1  3    |
|  4  2  5 |
|  7  8  6 |

Step 18
|  1     3 |
|  4  2  5 |
|  7  8  6 |

Step 19
|  1  2  3 |
|  4     5 |
|  7  8  6 |

Step 20
|  1  2  3 |
|  4  5    |
|  7  8  6 |

Step 21
|  1  2  3 |
|  4  5  6 |
|  7  8    |

CREATED STATES: 60779
TIME: 1.381057 seconds.
