Step 0
|  6  4  7 |
|  8  5    |
|  3  2  1 |

Step 1
|  6  4    |
|  8  5  7 |
|  3  2  1 |

Step 2
|  6     4 |
|  8  5  7 |
|  3  2  1 |

Step 3
|  6  5  4 |
|  8     7 |
|  3  2  1 |

Step 4
|  6  5  4 |
|     8  7 |
|  3  2  1 |

Step 5
|  6  5  4 |
|  3  8  7 |
|     2  1 |

Step 6
|  6  5  4 |
|  3  8  7 |
|  2     1 |

Step 7
|  6  5  4 |
|  3     7 |
|  2  8  1 |

Step 8
|  6  5  4 |
|  3  7    |
|  2  8  1 |

Step 9
|  6  5  4 |
|  3  7  1 |
|  2  8    |

Step 10
|  6  5  4 |
|  3  7  1 |
|  2     8 |

Step 11
|  6  5  4 |
|  3     1 |
|  2  7  8 |

Step 12
|  6     4 |
|  3  5  1 |
|  2  7  8 |

Step 13
|     6  4 |
|  3  5  1 |
|  2  7  8 |

Step 14
|  3  6  4 |
|     5  1 |
|  2  7  8 |

Step 15
|  3  6  4 |
|  2  5  1 |
|     7  8 |

Step 16
|  3  6  4 |
|  2  5  1 |
|  7     8 |

Step 17
|  3  6  4 |
|  2     1 |
|  7  5  8 |

Step 18
|  3  6  4 |
|  2  1    |
|  7  5  8 |

Step 19
|  3  6    |
|  2  1  4 |
|  7  5  8 |

Step 20
|  3     6 |
|  2  1  4 |
|  7  5  8 |

Step 21
|     3  6 |
|  2  1  4 |
|  7  5  8 |

Step 22
|  2  3  6 |
|     1  4 |
|  7  5  8 |

Step 23
|  2  3  6 |
|  1     4 |
|  7  5  8 |

Step 24
|  2  3  6 |
|  1  4    |
|  7  5  8 |

Step 25
|  2  3    |
|  1  4  6 |
|  7  5  8 |

Step 26
|  2     3 |
|  1  4  6 |
|  7  5  8 |

Step 27
|     2  3 |
|  1  4  6 |
|  7  5  8 |

Step 28
|  1  2  3 |
|     4  6 |
|  7  5  8 |

Step 29
|  1  2  3 |
|  4     6 |
|  7  5  8 |

Step 30
|  1  2  3 |
|  4  5  6 |
|  7     8 |

Step 31
|  1  2  3 |
|  4  5  6 |
|  7  8    |

CREATED STATES: 181440
TIME: 5.726188 seconds.
